1	1	-500000	0	0
2	2	-499249.624812406	0	0
3	3	-498499.249624812	0	0
4	4	-497748.874437219	0	0
5	5	-496998.499249625	0	0
6	6	-496248.124062031	0	0
7	7	-495497.748874437	0	0
8	8	-494747.373686843	0	0
9	9	-493996.99849925	0	0
10	10	-493246.623311656	0	0
11	11	-492496.248124062	0	0
12	12	-491745.872936468	0	0
13	13	-490995.497748874	0	0
14	14	-490245.122561281	0	0
15	15	-489494.747373687	0	0
16	16	-488744.372186093	0	0
17	17	-487993.996998499	0	0
18	18	-487243.621810905	0	0
19	19	-486493.246623312	0	0
20	20	-485742.871435718	0	0
21	21	-484992.496248124	0	0
22	22	-484242.12106053	0	0
23	23	-483491.745872936	0	0
24	24	-482741.370685343	0	0
25	25	-481990.995497749	0	0
26	26	-481240.620310155	0	0
27	27	-480490.245122561	0	0
28	28	-479739.869934967	0	0
29	29	-478989.494747374	0	0
30	30	-478239.11955978	0	0
31	31	-477488.744372186	0	0
32	32	-476738.369184592	0	0
33	33	-475987.993996999	0	0
34	34	-475237.618809405	0	0
35	35	-474487.243621811	0	0
36	36	-473736.868434217	0	0
37	37	-472986.493246623	0	0
38	38	-472236.11805903	0	0
39	39	-471485.742871436	0	0
40	40	-470735.367683842	0	0
41	41	-469984.992496248	0	0
42	42	-469234.617308654	0	0
43	43	-468484.242121061	0	0
44	44	-467733.866933467	0	0
45	45	-466983.491745873	0	0
46	46	-466233.116558279	0	0
47	47	-465482.741370685	0	0
48	48	-464732.366183092	0	0
49	49	-463981.990995498	0	0
50	50	-463231.615807904	0	0
51	51	-462481.24062031	0	0
52	52	-461730.865432716	0	0
53	53	-460980.490245123	0	0
54	54	-460230.115057529	0	0
55	55	-459479.739869935	0	0
56	56	-458729.364682341	0	0
57	57	-457978.989494747	0	0
58	58	-457228.614307154	0	0
59	59	-456478.23911956	0	0
60	60	-455727.863931966	0	0
61	61	-454977.488744372	0	0
62	62	-454227.113556778	0	0
63	63	-453476.738369185	0	0
64	64	-452726.363181591	0	0
65	65	-451975.987993997	0	0
66	66	-451225.612806403	0	0
67	67	-450475.237618809	0	0
68	68	-449724.862431216	0	0
69	69	-448974.487243622	0	0
70	70	-448224.112056028	0	0
71	71	-447473.736868434	0	0
72	72	-446723.36168084	0	0
73	73	-445972.986493247	0	0
74	74	-445222.611305653	0	0
75	75	-444472.236118059	0	0
76	76	-443721.860930465	0	0
77	77	-442971.485742871	0	0
78	78	-442221.110555278	0	0
79	79	-441470.735367684	0	0
80	80	-440720.36018009	0	0
81	81	-439969.984992496	0	0
82	82	-439219.609804902	0	0
83	83	-438469.234617309	0	0
84	84	-437718.859429715	0	0
85	85	-436968.484242121	0	0
86	86	-436218.109054527	0	0
87	87	-435467.733866933	0	0
88	88	-434717.35867934	0	0
89	89	-433966.983491746	0	0
90	90	-433216.608304152	0	0
91	91	-432466.233116558	0	0
92	92	-431715.857928964	0	0
93	93	-430965.482741371	0	0
94	94	-430215.107553777	0	0
95	95	-429464.732366183	0	0
96	96	-428714.357178589	0	0
97	97	-427963.981990995	0	0
98	98	-427213.606803402	0	0
99	99	-426463.231615808	0	0
100	100	-425712.856428214	0	0
101	101	-424962.48124062	0	0
102	102	-424212.106053027	0	0
103	103	-423461.730865433	0	0
104	104	-422711.355677839	0	0
105	105	-421960.980490245	0	0
106	106	-421210.605302651	0	0
107	107	-420460.230115058	0	0
108	108	-419709.854927464	0	0
109	109	-418959.47973987	0	0
110	110	-418209.104552276	0	0
111	111	-417458.729364682	0	0
112	112	-416708.354177089	0	0
113	113	-415957.978989495	0	0
114	114	-415207.603801901	0	0
115	115	-414457.228614307	0	0
116	116	-413706.853426713	0	0
117	117	-412956.47823912	0	0
118	118	-412206.103051526	0	0
119	119	-411455.727863932	0	0
120	120	-410705.352676338	0	0
121	121	-409954.977488744	0	0
122	122	-409204.602301151	0	0
123	123	-408454.227113557	0	0
124	124	-407703.851925963	0	0
125	125	-406953.476738369	0	0
126	126	-406203.101550775	0	0
127	127	-405452.726363182	0	0
128	128	-404702.351175588	0	0
129	129	-403951.975987994	0	0
130	130	-403201.6008004	0	0
131	131	-402451.225612806	0	0
132	132	-401700.850425213	0	0
133	133	-400950.475237619	0	0
134	134	-400200.100050025	0	0
135	135	-399449.724862431	0	0
136	136	-398699.349674837	0	0
137	137	-397948.974487244	0	0
138	138	-397198.59929965	0	0
139	139	-396448.224112056	0	0
140	140	-395697.848924462	0	0
141	141	-394947.473736868	0	0
142	142	-394197.098549275	0	0
143	143	-393446.723361681	0	0
144	144	-392696.348174087	0	0
145	145	-391945.972986493	0	0
146	146	-391195.597798899	0	0
147	147	-390445.222611306	0	0
148	148	-389694.847423712	0	0
149	149	-388944.472236118	0	0
150	150	-388194.097048524	0	0
151	151	-387443.72186093	0	0
152	152	-386693.346673337	0	0
153	153	-385942.971485743	0	0
154	154	-385192.596298149	0	0
155	155	-384442.221110555	0	0
156	156	-383691.845922961	0	0
157	157	-382941.470735368	0	0
158	158	-382191.095547774	0	0
159	159	-381440.72036018	0	0
160	160	-380690.345172586	0	0
161	161	-379939.969984993	0	0
162	162	-379189.594797399	0	0
163	163	-378439.219609805	0	0
164	164	-377688.844422211	0	0
165	165	-376938.469234617	0	0
166	166	-376188.094047024	0	0
167	167	-375437.71885943	0	0
168	168	-374687.343671836	0	0
169	169	-373936.968484242	0	0
170	170	-373186.593296648	0	0
171	171	-372436.218109054	0	0
172	172	-371685.842921461	0	0
173	173	-370935.467733867	0	0
174	174	-370185.092546273	0	0
175	175	-369434.717358679	0	0
176	176	-368684.342171086	0	0
177	177	-367933.966983492	0	0
178	178	-367183.591795898	0	0
179	179	-366433.216608304	0	0
180	180	-365682.84142071	0	0
181	181	-364932.466233117	0	0
182	182	-364182.091045523	0	0
183	183	-363431.715857929	0	0
184	184	-362681.340670335	0	0
185	185	-361930.965482741	0	0
186	186	-361180.590295148	0	0
187	187	-360430.215107554	0	0
188	188	-359679.83991996	0	0
189	189	-358929.464732366	0	0
190	190	-358179.089544772	0	0
191	191	-357428.714357179	0	0
192	192	-356678.339169585	0	0
193	193	-355927.963981991	0	0
194	194	-355177.588794397	0	0
195	195	-354427.213606803	0	0
196	196	-353676.83841921	0	0
197	197	-352926.463231616	0	0
198	198	-352176.088044022	0	0
199	199	-351425.712856428	0	0
200	200	-350675.337668834	0	0
201	201	-349924.962481241	0	0
202	202	-349174.587293647	0	0
203	203	-348424.212106053	0	0
204	204	-347673.836918459	0	0
205	205	-346923.461730865	0	0
206	206	-346173.086543272	0	0
207	207	-345422.711355678	0	0
208	208	-344672.336168084	0	0
209	209	-343921.96098049	0	0
210	210	-343171.585792896	0	0
211	211	-342421.210605303	0	0
212	212	-341670.835417709	0	0
213	213	-340920.460230115	0	0
214	214	-340170.085042521	0	0
215	215	-339419.709854927	0	0
216	216	-338669.334667334	0	0
217	217	-337918.95947974	0	0
218	218	-337168.584292146	0	0
219	219	-336418.209104552	0	0
220	220	-335667.833916958	0	0
221	221	-334917.458729365	0	0
222	222	-334167.083541771	0	0
223	223	-333416.708354177	0	0
224	224	-332666.333166583	0	0
225	225	-331915.957978989	0	0
226	226	-331165.582791396	0	0
227	227	-330415.207603802	0	0
228	228	-329664.832416208	0	0
229	229	-328914.457228614	0	0
230	230	-328164.082041021	0	0
231	231	-327413.706853427	0	0
232	232	-326663.331665833	0	0
233	233	-325912.956478239	0	0
234	234	-325162.581290645	0	0
235	235	-324412.206103052	0	0
236	236	-323661.830915458	0	0
237	237	-322911.455727864	0	0
238	238	-322161.08054027	0	0
239	239	-321410.705352676	0	0
240	240	-320660.330165083	0	0
241	241	-319909.954977489	0	0
242	242	-319159.579789895	0	0
243	243	-318409.204602301	0	0
244	244	-317658.829414707	0	0
245	245	-316908.454227114	0	0
246	246	-316158.07903952	0	0
247	247	-315407.703851926	0	0
248	248	-314657.328664332	0	0
249	249	-313906.953476738	0	0
250	250	-313156.578289145	0	0
251	251	-312406.203101551	0	0
252	252	-311655.827913957	0	0
253	253	-310905.452726363	0	0
254	254	-310155.077538769	0	0
255	255	-309404.702351176	0	0
256	256	-308654.327163582	0	0
257	257	-307903.951975988	0	0
258	258	-307153.576788394	0	0
259	259	-306403.2016008	0	0
260	260	-305652.826413207	0	0
261	261	-304902.451225613	0	0
262	262	-304152.076038019	0	0
263	263	-303401.700850425	0	0
264	264	-302651.325662831	0	0
265	265	-301900.950475238	0	0
266	266	-301150.575287644	0	0
267	267	-300400.20010005	0	0
268	268	-299649.824912456	0	0
269	269	-298899.449724862	0	0
270	270	-298149.074537269	0	0
271	271	-297398.699349675	0	0
272	272	-296648.324162081	0	0
273	273	-295897.948974487	0	0
274	274	-295147.573786893	0	0
275	275	-294397.1985993	0	0
276	276	-293646.823411706	0	0
277	277	-292896.448224112	0	0
278	278	-292146.073036518	0	0
279	279	-291395.697848924	0	0
280	280	-290645.322661331	0	0
281	281	-289894.947473737	0	0
282	282	-289144.572286143	0	0
283	283	-288394.197098549	0	0
284	284	-287643.821910955	0	0
285	285	-286893.446723362	0	0
286	286	-286143.071535768	0	0
287	287	-285392.696348174	0	0
288	288	-284642.32116058	0	0
289	289	-283891.945972987	0	0
290	290	-283141.570785393	0	0
291	291	-282391.195597799	0	0
292	292	-281640.820410205	0	0
293	293	-280890.445222611	0	0
294	294	-280140.070035018	0	0
295	295	-279389.694847424	0	0
296	296	-278639.31965983	0	0
297	297	-277888.944472236	0	0
298	298	-277138.569284642	0	0
299	299	-276388.194097048	0	0
300	300	-275637.818909455	0	0
301	301	-274887.443721861	0	0
302	302	-274137.068534267	0	0
303	303	-273386.693346673	0	0
304	304	-272636.31815908	0	0
305	305	-271885.942971486	0	0
306	306	-271135.567783892	0	0
307	307	-270385.192596298	0	0
308	308	-269634.817408704	0	0
309	309	-268884.442221111	0	0
310	310	-268134.067033517	0	0
311	311	-267383.691845923	0	0
312	312	-266633.316658329	0	0
313	313	-265882.941470735	0	0
314	314	-265132.566283142	0	0
315	315	-264382.191095548	0	0
316	316	-263631.815907954	0	0
317	317	-262881.44072036	0	0
318	318	-262131.065532766	0	0
319	319	-261380.690345173	0	0
320	320	-260630.315157579	0	0
321	321	-259879.939969985	0	0
322	322	-259129.564782391	0	0
323	323	-258379.189594797	0	0
324	324	-257628.814407204	0	0
325	325	-256878.43921961	0	0
326	326	-256128.064032016	0	0
327	327	-255377.688844422	0	0
328	328	-254627.313656828	0	0
329	329	-253876.938469235	0	0
330	330	-253126.563281641	0	0
331	331	-252376.188094047	0	0
332	332	-251625.812906453	0	0
333	333	-250875.437718859	0	0
334	334	-250125.062531266	0	0
335	335	-249374.687343672	0	0
336	336	-248624.312156078	0	0
337	337	-247873.936968484	0	0
338	338	-247123.56178089	0	0
339	339	-246373.186593297	0	0
340	340	-245622.811405703	0	0
341	341	-244872.436218109	0	0
342	342	-244122.061030515	0	0
343	343	-243371.685842921	0	0
344	344	-242621.310655328	0	0
345	345	-241870.935467734	0	0
346	346	-241120.56028014	0	0
347	347	-240370.185092546	0	0
348	348	-239619.809904952	0	0
349	349	-238869.434717359	0	0
350	350	-238119.059529765	0	0
351	351	-237368.684342171	0	0
352	352	-236618.309154577	0	0
353	353	-235867.933966984	0	0
354	354	-235117.55877939	0	0
355	355	-234367.183591796	0	0
356	356	-233616.808404202	0	0
357	357	-232866.433216608	0	0
358	358	-232116.058029015	0	0
359	359	-231365.682841421	0	0
360	360	-230615.307653827	0	0
361	361	-229864.932466233	0	0
362	362	-229114.557278639	0	0
363	363	-228364.182091046	0	0
364	364	-227613.806903452	0	0
365	365	-226863.431715858	0	0
366	366	-226113.056528264	0	0
367	367	-225362.68134067	0	0
368	368	-224612.306153077	0	0
369	369	-223861.930965483	0	0
370	370	-223111.555777889	0	0
371	371	-222361.180590295	0	0
372	372	-221610.805402701	0	0
373	373	-220860.430215108	0	0
374	374	-220110.055027514	0	0
375	375	-219359.67983992	0	0
376	376	-218609.304652326	0	0
377	377	-217858.929464732	0	0
378	378	-217108.554277139	0	0
379	379	-216358.179089545	0	0
380	380	-215607.803901951	0	0
381	381	-214857.428714357	0	0
382	382	-214107.053526763	0	0
383	383	-213356.67833917	0	0
384	384	-212606.303151576	0	0
385	385	-211855.927963982	0	0
386	386	-211105.552776388	0	0
387	387	-210355.177588794	0	0
388	388	-209604.802401201	0	0
389	389	-208854.427213607	0	0
390	390	-208104.052026013	0	0
391	391	-207353.676838419	0	0
392	392	-206603.301650825	0	0
393	393	-205852.926463232	0	0
394	394	-205102.551275638	0	0
395	395	-204352.176088044	0	0
396	396	-203601.80090045	0	0
397	397	-202851.425712856	0	0
398	398	-202101.050525263	0	0
399	399	-201350.675337669	0	0
400	400	-200600.300150075	0	0
401	401	-199849.924962481	0	0
402	402	-199099.549774887	0	0
403	403	-198349.174587294	0	0
404	404	-197598.7993997	0	0
405	405	-196848.424212106	0	0
406	406	-196098.049024512	0	0
407	407	-195347.673836918	0	0
408	408	-194597.298649325	0	0
409	409	-193846.923461731	0	0
410	410	-193096.548274137	0	0
411	411	-192346.173086543	0	0
412	412	-191595.797898949	0	0
413	413	-190845.422711356	0	0
414	414	-190095.047523762	0	0
415	415	-189344.672336168	0	0
416	416	-188594.297148574	0	0
417	417	-187843.921960981	0	0
418	418	-187093.546773387	0	0
419	419	-186343.171585793	0	0
420	420	-185592.796398199	0	0
421	421	-184842.421210605	0	0
422	422	-184092.046023011	0	0
423	423	-183341.670835418	0	0
424	424	-182591.295647824	0	0
425	425	-181840.92046023	0	0
426	426	-181090.545272636	0	0
427	427	-180340.170085043	0	0
428	428	-179589.794897449	0	0
429	429	-178839.419709855	0	0
430	430	-178089.044522261	0	0
431	431	-177338.669334667	0	0
432	432	-176588.294147074	0	0
433	433	-175837.91895948	0	0
434	434	-175087.543771886	0	0
435	435	-174337.168584292	0	0
436	436	-173586.793396698	0	0
437	437	-172836.418209105	0	0
438	438	-172086.043021511	0	0
439	439	-171335.667833917	0	0
440	440	-170585.292646323	0	0
441	441	-169834.917458729	0	0
442	442	-169084.542271136	0	0
443	443	-168334.167083542	0	0
444	444	-167583.791895948	0	0
445	445	-166833.416708354	0	0
446	446	-166083.04152076	0	0
447	447	-165332.666333167	0	0
448	448	-164582.291145573	0	0
449	449	-163831.915957979	0	0
450	450	-163081.540770385	0	0
451	451	-162331.165582791	0	0
452	452	-161580.790395198	0	0
453	453	-160830.415207604	0	0
454	454	-160080.04002001	0	0
455	455	-159329.664832416	0	0
456	456	-158579.289644822	0	0
457	457	-157828.914457229	0	0
458	458	-157078.539269635	0	0
459	459	-156328.164082041	0	0
460	460	-155577.788894447	0	0
461	461	-154827.413706853	0	0
462	462	-154077.03851926	0	0
463	463	-153326.663331666	0	0
464	464	-152576.288144072	0	0
465	465	-151825.912956478	0	0
466	466	-151075.537768884	0	0
467	467	-150325.162581291	0	0
468	468	-149574.787393697	0	0
469	469	-148824.412206103	0	0
470	470	-148074.037018509	0	0
471	471	-147323.661830915	0	0
472	472	-146573.286643322	0	0
473	473	-145822.911455728	0	0
474	474	-145072.536268134	0	0
475	475	-144322.16108054	0	0
476	476	-143571.785892946	0	0
477	477	-142821.410705353	0	0
478	478	-142071.035517759	0	0
479	479	-141320.660330165	0	0
480	480	-140570.285142571	0	0
481	481	-139819.909954978	0	0
482	482	-139069.534767384	0	0
483	483	-138319.15957979	0	0
484	484	-137568.784392196	0	0
485	485	-136818.409204602	0	0
486	486	-136068.034017008	0	0
487	487	-135317.658829415	0	0
488	488	-134567.283641821	0	0
489	489	-133816.908454227	0	0
490	490	-133066.533266633	0	0
491	491	-132316.15807904	0	0
492	492	-131565.782891446	0	0
493	493	-130815.407703852	0	0
494	494	-130065.032516258	0	0
495	495	-129314.657328664	0	0
496	496	-128564.282141071	0	0
497	497	-127813.906953477	0	0
498	498	-127063.531765883	0	0
499	499	-126313.156578289	0	0
500	500	-125562.781390695	0	0
501	501	-124812.406203102	0	0
502	502	-124062.031015508	0	0
503	503	-123311.655827914	0	0
504	504	-122561.28064032	0	0
505	505	-121810.905452726	0	0
506	506	-121060.530265133	0	0
507	507	-120310.155077539	0	0
508	508	-119559.779889945	0	0
509	509	-118809.404702351	0	0
510	510	-118059.029514757	0	0
511	511	-117308.654327164	0	0
512	512	-116558.27913957	0	0
513	513	-115807.903951976	0	0
514	514	-115057.528764382	0	0
515	515	-114307.153576788	0	0
516	516	-113556.778389195	0	0
517	517	-112806.403201601	0	0
518	518	-112056.028014007	0	0
519	519	-111305.652826413	0	0
520	520	-110555.277638819	0	0
521	521	-109804.902451226	0	0
522	522	-109054.527263632	0	0
523	523	-108304.152076038	0	0
524	524	-107553.776888444	0	0
525	525	-106803.40170085	0	0
526	526	-106053.026513257	0	0
527	527	-105302.651325663	0	0
528	528	-104552.276138069	0	0
529	529	-103801.900950475	0	0
530	530	-103051.525762881	0	0
531	531	-102301.150575288	0	0
532	532	-101550.775387694	0	0
533	533	-100800.4002001	0	0
534	534	-100050.025012506	0	0
535	535	-99299.6498249125	0	0
536	536	-98549.2746373187	0	0
537	537	-97798.8994497249	0	0
538	538	-97048.5242621311	0	0
539	539	-96298.1490745373	0	0
540	540	-95547.7738869435	0	0
541	541	-94797.3986993497	0	0
542	542	-94047.0235117559	0	0
543	543	-93296.6483241621	0	0
544	544	-92546.2731365683	0	0
545	545	-91795.8979489745	0	0
546	546	-91045.5227613807	0	0
547	547	-90295.1475737869	0	0
548	548	-89544.7723861931	0	0
549	549	-88794.3971985993	0	0
550	550	-88044.0220110055	0	0
551	551	-87293.6468234117	0	0
552	552	-86543.2716358179	0	0
553	553	-85792.8964482241	0	0
554	554	-85042.5212606303	0	0
555	555	-84292.1460730365	0	0
556	556	-83541.7708854427	0	0
557	557	-82791.3956978489	0	0
558	558	-82041.0205102551	0	0
559	559	-81290.6453226613	0	0
560	560	-80540.2701350675	0	0
561	561	-79789.8949474737	0	0
562	562	-79039.5197598799	0	0
563	563	-78289.1445722862	0	0
564	564	-77538.7693846924	0	0
565	565	-76788.3941970986	0	0
566	566	-76038.0190095048	0	0
567	567	-75287.643821911	0	0
568	568	-74537.2686343172	0	0
569	569	-73786.8934467233	0	0
570	570	-73036.5182591295	0	0
571	571	-72286.1430715357	0	0
572	572	-71535.767883942	0	0
573	573	-70785.3926963482	0	0
574	574	-70035.0175087544	0	0
575	575	-69284.6423211606	0	0
576	576	-68534.2671335668	0	0
577	577	-67783.891945973	0	0
578	578	-67033.5167583792	0	0
579	579	-66283.1415707854	0	0
580	580	-65532.7663831916	0	0
581	581	-64782.3911955978	0	0
582	582	-64032.016008004	0	0
583	583	-63281.6408204102	0	0
584	584	-62531.2656328164	0	0
585	585	-61780.8904452226	0	0
586	586	-61030.5152576288	0	0
587	587	-60280.140070035	0	0
588	588	-59529.7648824412	0	0
589	589	-58779.3896948474	0	0
590	590	-58029.0145072537	0	0
591	591	-57278.6393196599	0	0
592	592	-56528.264132066	0	0
593	593	-55777.8889444722	0	0
594	594	-55027.5137568784	0	0
595	595	-54277.1385692846	0	0
596	596	-53526.7633816908	0	0
597	597	-52776.388194097	0	0
598	598	-52026.0130065032	0	0
599	599	-51275.6378189095	0	0
600	600	-50525.2626313157	0	0
601	601	-49774.8874437219	0	0
602	602	-49024.5122561281	0	0
603	603	-48274.1370685343	0	0
604	604	-47523.7618809405	0	0
605	605	-46773.3866933467	0	0
606	606	-46023.0115057529	0	0
607	607	-45272.6363181591	0	0
608	608	-44522.2611305653	0	0
609	609	-43771.8859429715	0	0
610	610	-43021.5107553777	0	0
611	611	-42271.1355677839	0	0
612	612	-41520.7603801901	0	0
613	613	-40770.3851925963	0	0
614	614	-40020.0100050025	0	0
615	615	-39269.6348174087	0	0
616	616	-38519.2596298149	0	0
617	617	-37768.8844422211	0	0
618	618	-37018.5092546273	0	0
619	619	-36268.1340670335	0	0
620	620	-35517.7588794397	0	0
621	621	-34767.3836918459	0	0
622	622	-34017.0085042521	0	0
623	623	-33266.6333166583	0	0
624	624	-32516.2581290645	0	0
625	625	-31765.8829414707	0	0
626	626	-31015.5077538769	0	0
627	627	-30265.1325662832	0	0
628	628	-29514.7573786894	0	0
629	629	-28764.3821910956	0	0
630	630	-28014.0070035018	0	0
631	631	-27263.631815908	0	0
632	632	-26513.2566283141	0	0
633	633	-25762.8814407203	0	0
634	634	-25012.5062531265	0	0
635	635	-24262.1310655327	0	0
636	636	-23511.755877939	0	0
637	637	-22761.3806903452	0	0
638	638	-22011.0055027514	0	0
639	639	-21260.6303151576	0	0
640	640	-20510.2551275638	0	0
641	641	-19759.87993997	0	0
642	642	-19009.5047523762	0	0
643	643	-18259.1295647824	0	0
644	644	-17508.7543771886	0	0
645	645	-16758.3791895948	0	0
646	646	-16008.004002001	0	0
647	647	-15257.6288144072	0	0
648	648	-14507.2536268134	0	0
649	649	-13756.8784392196	0	0
650	650	-13006.5032516258	0	0
651	651	-12256.128064032	0	0
652	652	-11505.7528764382	0	0
653	653	-10755.3776888444	0	0
654	654	-10005.0025012507	0	0
655	655	-9254.62731365685	0	0
656	656	-8504.25212606305	0	0
657	657	-7753.87693846924	0	0
658	658	-7003.50175087544	0	0
659	659	-6253.12656328164	0	0
660	660	-5502.75137568783	0	0
661	661	-4752.37618809403	0	0
662	662	-4002.00100050023	0	0
663	663	-3251.62581290648	0	0
664	664	-2501.25062531268	0	0
665	665	-1750.87543771887	0	0
666	666	-1000.50025012507	0	0
667	667	-250.125062531268	0	0
668	668	500.250125062536	0	0
669	669	1250.62531265634	0	0
670	670	2001.00050025014	0	0
671	671	2751.37568784395	0	0
672	672	3501.75087543769	0	0
673	673	4252.12606303149	0	0
674	674	5002.5012506253	0	0
675	675	5752.8764382191	0	0
676	676	6503.2516258129	0	0
677	677	7253.62681340671	0	0
678	678	8004.00200100051	0	0
679	679	8754.37718859431	0	0
680	680	9504.75237618812	0	0
681	681	10255.1275637819	0	0
682	682	11005.5027513757	0	0
683	683	11755.8779389695	0	0
684	684	12506.2531265633	0	0
685	685	13256.6283141571	0	0
686	686	14007.0035017509	0	0
687	687	14757.3786893447	0	0
688	688	15507.7538769385	0	0
689	689	16258.1290645323	0	0
690	690	17008.5042521261	0	0
691	691	17758.8794397198	0	0
692	692	18509.2546273136	0	0
693	693	19259.6298149074	0	0
694	694	20010.0050025012	0	0
695	695	20760.380190095	0	0
696	696	21510.7553776889	0	0
697	697	22261.1305652827	0	0
698	698	23011.5057528765	0	0
699	699	23761.8809404703	0	0
700	700	24512.256128064	0	0
701	701	25262.6313156579	0	0
702	702	26013.0065032516	0	0
703	703	26763.3816908455	0	0
704	704	27513.7568784392	0	0
705	705	28264.132066033	0	0
706	706	29014.5072536268	0	0
707	707	29764.8824412206	0	0
708	708	30515.2576288144	0	0
709	709	31265.6328164082	0	0
710	710	32016.008004002	0	0
711	711	32766.3831915958	0	0
712	712	33516.7583791896	0	0
713	713	34267.1335667834	0	0
714	714	35017.5087543771	0	0
715	715	35767.883941971	0	0
716	716	36518.2591295647	0	0
717	717	37268.6343171586	0	0
718	718	38019.0095047524	0	0
719	719	38769.3846923462	0	0
720	720	39519.75987994	0	0
721	721	40270.1350675338	0	0
722	722	41020.5102551276	0	0
723	723	41770.8854427213	0	0
724	724	42521.2606303152	0	0
725	725	43271.6358179089	0	0
726	726	44022.0110055028	0	0
727	727	44772.3861930965	0	0
728	728	45522.7613806904	0	0
729	729	46273.1365682841	0	0
730	730	47023.511755878	0	0
731	731	47773.8869434717	0	0
732	732	48524.2621310655	0	0
733	733	49274.6373186593	0	0
734	734	50025.0125062531	0	0
735	735	50775.3876938469	0	0
736	736	51525.7628814407	0	0
737	737	52276.1380690346	0	0
738	738	53026.5132566283	0	0
739	739	53776.8884442222	0	0
740	740	54527.2636318159	0	0
741	741	55277.6388194097	0	0
742	742	56028.0140070035	0	0
743	743	56778.3891945973	0	0
744	744	57528.7643821911	0	0
745	745	58279.1395697849	0	0
746	746	59029.5147573787	0	0
747	747	59779.8899449725	0	0
748	748	60530.2651325663	0	0
749	749	61280.6403201601	0	0
750	750	62031.0155077538	0	0
751	751	62781.3906953477	0	0
752	752	63531.7658829414	0	0
753	753	64282.1410705353	0	0
754	754	65032.516258129	0	0
755	755	65782.8914457229	0	0
756	756	66533.2666333166	0	0
757	757	67283.6418209105	0	0
758	758	68034.0170085042	0	0
759	759	68784.392196098	0	0
760	760	69534.7673836919	0	0
761	761	70285.1425712856	0	0
762	762	71035.5177588795	0	0
763	763	71785.8929464732	0	0
764	764	72536.2681340671	0	0
765	765	73286.6433216608	0	0
766	766	74037.0185092547	0	0
767	767	74787.3936968484	0	0
768	768	75537.7688844422	0	0
769	769	76288.144072036	0	0
770	770	77038.5192596298	0	0
771	771	77788.8944472236	0	0
772	772	78539.2696348174	0	0
773	773	79289.6448224112	0	0
774	774	80040.020010005	0	0
775	775	80790.3951975988	0	0
776	776	81540.7703851926	0	0
777	777	82291.1455727863	0	0
778	778	83041.5207603802	0	0
779	779	83791.8959479739	0	0
780	780	84542.2711355678	0	0
781	781	85292.6463231615	0	0
782	782	86043.0215107554	0	0
783	783	86793.3966983492	0	0
784	784	87543.771885943	0	0
785	785	88294.1470735368	0	0
786	786	89044.5222611305	0	0
787	787	89794.8974487244	0	0
788	788	90545.2726363181	0	0
789	789	91295.647823912	0	0
790	790	92046.0230115057	0	0
791	791	92796.3981990996	0	0
792	792	93546.7733866933	0	0
793	793	94297.1485742872	0	0
794	794	95047.5237618809	0	0
795	795	95797.8989494748	0	0
796	796	96548.2741370685	0	0
797	797	97298.6493246623	0	0
798	798	98049.0245122561	0	0
799	799	98799.3996998499	0	0
800	800	99549.7748874438	0	0
801	801	100300.150075037	0	0
802	802	101050.525262631	0	0
803	803	101800.900450225	0	0
804	804	102551.275637819	0	0
805	805	103301.650825413	0	0
806	806	104052.026013006	0	0
807	807	104802.4012006	0	0
808	808	105552.776388194	0	0
809	809	106303.151575788	0	0
810	810	107053.526763382	0	0
811	811	107803.901950976	0	0
812	812	108554.277138569	0	0
813	813	109304.652326163	0	0
814	814	110055.027513757	0	0
815	815	110805.402701351	0	0
816	816	111555.777888944	0	0
817	817	112306.153076538	0	0
818	818	113056.528264132	0	0
819	819	113806.903451726	0	0
820	820	114557.27863932	0	0
821	821	115307.653826913	0	0
822	822	116058.029014507	0	0
823	823	116808.404202101	0	0
824	824	117558.779389695	0	0
825	825	118309.154577289	0	0
826	826	119059.529764882	0	0
827	827	119809.904952476	0	0
828	828	120560.28014007	0	0
829	829	121310.655327664	0	0
830	830	122061.030515258	0	0
831	831	122811.405702851	0	0
832	832	123561.780890445	0	0
833	833	124312.156078039	0	0
834	834	125062.531265633	0	0
835	835	125812.906453227	0	0
836	836	126563.28164082	0	0
837	837	127313.656828414	0	0
838	838	128064.032016008	0	0
839	839	128814.407203602	0	0
840	840	129564.782391196	0	0
841	841	130315.157578789	0	0
842	842	131065.532766383	0	0
843	843	131815.907953977	0	0
844	844	132566.283141571	0	0
845	845	133316.658329165	0	0
846	846	134067.033516758	0	0
847	847	134817.408704352	0	0
848	848	135567.783891946	0	0
849	849	136318.15907954	0	0
850	850	137068.534267134	0	0
851	851	137818.909454727	0	0
852	852	138569.284642321	0	0
853	853	139319.659829915	0	0
854	854	140070.035017509	0	0
855	855	140820.410205103	0	0
856	856	141570.785392696	0	0
857	857	142321.16058029	0	0
858	858	143071.535767884	0	0
859	859	143821.910955478	0	0
860	860	144572.286143071	0	0
861	861	145322.661330665	0	0
862	862	146073.036518259	0	0
863	863	146823.411705853	0	0
864	864	147573.786893447	0	0
865	865	148324.162081041	0	0
866	866	149074.537268634	0	0
867	867	149824.912456228	0	0
868	868	150575.287643822	0	0
869	869	151325.662831416	0	0
870	870	152076.03801901	0	0
871	871	152826.413206603	0	0
872	872	153576.788394197	0	0
873	873	154327.163581791	0	0
874	874	155077.538769385	0	0
875	875	155827.913956978	0	0
876	876	156578.289144572	0	0
877	877	157328.664332166	0	0
878	878	158079.03951976	0	0
879	879	158829.414707354	0	0
880	880	159579.789894947	0	0
881	881	160330.165082541	0	0
882	882	161080.540270135	0	0
883	883	161830.915457729	0	0
884	884	162581.290645323	0	0
885	885	163331.665832917	0	0
886	886	164082.04102051	0	0
887	887	164832.416208104	0	0
888	888	165582.791395698	0	0
889	889	166333.166583292	0	0
890	890	167083.541770885	0	0
891	891	167833.916958479	0	0
892	892	168584.292146073	0	0
893	893	169334.667333667	0	0
894	894	170085.042521261	0	0
895	895	170835.417708854	0	0
896	896	171585.792896448	0	0
897	897	172336.168084042	0	0
898	898	173086.543271636	0	0
899	899	173836.91845923	0	0
900	900	174587.293646823	0	0
901	901	175337.668834417	0	0
902	902	176088.044022011	0	0
903	903	176838.419209605	0	0
904	904	177588.794397199	0	0
905	905	178339.169584792	0	0
906	906	179089.544772386	0	0
907	907	179839.91995998	0	0
908	908	180590.295147574	0	0
909	909	181340.670335168	0	0
910	910	182091.045522761	0	0
911	911	182841.420710355	0	0
912	912	183591.795897949	0	0
913	913	184342.171085543	0	0
914	914	185092.546273137	0	0
915	915	185842.92146073	0	0
916	916	186593.296648324	0	0
917	917	187343.671835918	0	0
918	918	188094.047023512	0	0
919	919	188844.422211106	0	0
920	920	189594.797398699	0	0
921	921	190345.172586293	0	0
922	922	191095.547773887	0	0
923	923	191845.922961481	0	0
924	924	192596.298149075	0	0
925	925	193346.673336668	0	0
926	926	194097.048524262	0	0
927	927	194847.423711856	0	0
928	928	195597.79889945	0	0
929	929	196348.174087044	0	0
930	930	197098.549274637	0	0
931	931	197848.924462231	0	0
932	932	198599.299649825	0	0
933	933	199349.674837419	0	0
934	934	200100.050025012	0	0
935	935	200850.425212606	0	0
936	936	201600.8004002	0	0
937	937	202351.175587794	0	0
938	938	203101.550775388	0	0
939	939	203851.925962982	0	0
940	940	204602.301150575	0	0
941	941	205352.676338169	0	0
942	942	206103.051525763	0	0
943	943	206853.426713357	0	0
944	944	207603.80190095	0	0
945	945	208354.177088544	0	0
946	946	209104.552276138	0	0
947	947	209854.927463732	0	0
948	948	210605.302651326	0	0
949	949	211355.677838919	0	0
950	950	212106.053026513	0	0
951	951	212856.428214107	0	0
952	952	213606.803401701	0	0
953	953	214357.178589295	0	0
954	954	215107.553776888	0	0
955	955	215857.928964482	0	0
956	956	216608.304152076	0	0
957	957	217358.67933967	0	0
958	958	218109.054527264	0	0
959	959	218859.429714857	0	0
960	960	219609.804902451	0	0
961	961	220360.180090045	0	0
962	962	221110.555277639	0	0
963	963	221860.930465233	0	0
964	964	222611.305652826	0	0
965	965	223361.68084042	0	0
966	966	224112.056028014	0	0
967	967	224862.431215608	0	0
968	968	225612.806403202	0	0
969	969	226363.181590795	0	0
970	970	227113.556778389	0	0
971	971	227863.931965983	0	0
972	972	228614.307153577	0	0
973	973	229364.682341171	0	0
974	974	230115.057528764	0	0
975	975	230865.432716358	0	0
976	976	231615.807903952	0	0
977	977	232366.183091546	0	0
978	978	233116.55827914	0	0
979	979	233866.933466733	0	0
980	980	234617.308654327	0	0
981	981	235367.683841921	0	0
982	982	236118.059029515	0	0
983	983	236868.434217109	0	0
984	984	237618.809404702	0	0
985	985	238369.184592296	0	0
986	986	239119.55977989	0	0
987	987	239869.934967484	0	0
988	988	240620.310155077	0	0
989	989	241370.685342671	0	0
990	990	242121.060530265	0	0
991	991	242871.435717859	0	0
992	992	243621.810905453	0	0
993	993	244372.186093047	0	0
994	994	245122.56128064	0	0
995	995	245872.936468234	0	0
996	996	246623.311655828	0	0
997	997	247373.686843422	0	0
998	998	248124.062031016	0	0
999	999	248874.437218609	0	0
1000	1000	249624.812406203	0	0
1001	1001	250375.187593797	0	0
1002	1002	251125.562781391	0	0
1003	1003	251875.937968984	0	0
1004	1004	252626.313156578	0	0
1005	1005	253376.688344172	0	0
1006	1006	254127.063531766	0	0
1007	1007	254877.43871936	0	0
1008	1008	255627.813906953	0	0
1009	1009	256378.189094547	0	0
1010	1010	257128.564282141	0	0
1011	1011	257878.939469735	0	0
1012	1012	258629.314657329	0	0
1013	1013	259379.689844923	0	0
1014	1014	260130.065032516	0	0
1015	1015	260880.44022011	0	0
1016	1016	261630.815407704	0	0
1017	1017	262381.190595298	0	0
1018	1018	263131.565782891	0	0
1019	1019	263881.940970485	0	0
1020	1020	264632.316158079	0	0
1021	1021	265382.691345673	0	0
1022	1022	266133.066533267	0	0
1023	1023	266883.44172086	0	0
1024	1024	267633.816908454	0	0
1025	1025	268384.192096048	0	0
1026	1026	269134.567283642	0	0
1027	1027	269884.942471236	0	0
1028	1028	270635.317658829	0	0
1029	1029	271385.692846423	0	0
1030	1030	272136.068034017	0	0
1031	1031	272886.443221611	0	0
1032	1032	273636.818409205	0	0
1033	1033	274387.193596798	0	0
1034	1034	275137.568784392	0	0
1035	1035	275887.943971986	0	0
1036	1036	276638.31915958	0	0
1037	1037	277388.694347174	0	0
1038	1038	278139.069534767	0	0
1039	1039	278889.444722361	0	0
1040	1040	279639.819909955	0	0
1041	1041	280390.195097549	0	0
1042	1042	281140.570285143	0	0
1043	1043	281890.945472736	0	0
1044	1044	282641.32066033	0	0
1045	1045	283391.695847924	0	0
1046	1046	284142.071035518	0	0
1047	1047	284892.446223112	0	0
1048	1048	285642.821410705	0	0
1049	1049	286393.196598299	0	0
1050	1050	287143.571785893	0	0
1051	1051	287893.946973487	0	0
1052	1052	288644.322161081	0	0
1053	1053	289394.697348674	0	0
1054	1054	290145.072536268	0	0
1055	1055	290895.447723862	0	0
1056	1056	291645.822911456	0	0
1057	1057	292396.19809905	0	0
1058	1058	293146.573286643	0	0
1059	1059	293896.948474237	0	0
1060	1060	294647.323661831	0	0
1061	1061	295397.698849425	0	0
1062	1062	296148.074037018	0	0
1063	1063	296898.449224612	0	0
1064	1064	297648.824412206	0	0
1065	1065	298399.1995998	0	0
1066	1066	299149.574787394	0	0
1067	1067	299899.949974988	0	0
1068	1068	300650.325162581	0	0
1069	1069	301400.700350175	0	0
1070	1070	302151.075537769	0	0
1071	1071	302901.450725363	0	0
1072	1072	303651.825912956	0	0
1073	1073	304402.20110055	0	0
1074	1074	305152.576288144	0	0
1075	1075	305902.951475738	0	0
1076	1076	306653.326663332	0	0
1077	1077	307403.701850925	0	0
1078	1078	308154.077038519	0	0
1079	1079	308904.452226113	0	0
1080	1080	309654.827413707	0	0
1081	1081	310405.202601301	0	0
1082	1082	311155.577788894	0	0
1083	1083	311905.952976488	0	0
1084	1084	312656.328164082	0	0
1085	1085	313406.703351676	0	0
1086	1086	314157.07853927	0	0
1087	1087	314907.453726863	0	0
1088	1088	315657.828914457	0	0
1089	1089	316408.204102051	0	0
1090	1090	317158.579289645	0	0
1091	1091	317908.954477239	0	0
1092	1092	318659.329664832	0	0
1093	1093	319409.704852426	0	0
1094	1094	320160.08004002	0	0
1095	1095	320910.455227614	0	0
1096	1096	321660.830415208	0	0
1097	1097	322411.205602801	0	0
1098	1098	323161.580790395	0	0
1099	1099	323911.955977989	0	0
1100	1100	324662.331165583	0	0
1101	1101	325412.706353177	0	0
1102	1102	326163.08154077	0	0
1103	1103	326913.456728364	0	0
1104	1104	327663.831915958	0	0
1105	1105	328414.207103552	0	0
1106	1106	329164.582291146	0	0
1107	1107	329914.957478739	0	0
1108	1108	330665.332666333	0	0
1109	1109	331415.707853927	0	0
1110	1110	332166.083041521	0	0
1111	1111	332916.458229115	0	0
1112	1112	333666.833416708	0	0
1113	1113	334417.208604302	0	0
1114	1114	335167.583791896	0	0
1115	1115	335917.95897949	0	0
1116	1116	336668.334167083	0	0
1117	1117	337418.709354677	0	0
1118	1118	338169.084542271	0	0
1119	1119	338919.459729865	0	0
1120	1120	339669.834917459	0	0
1121	1121	340420.210105053	0	0
1122	1122	341170.585292646	0	0
1123	1123	341920.96048024	0	0
1124	1124	342671.335667834	0	0
1125	1125	343421.710855428	0	0
1126	1126	344172.086043022	0	0
1127	1127	344922.461230615	0	0
1128	1128	345672.836418209	0	0
1129	1129	346423.211605803	0	0
1130	1130	347173.586793397	0	0
1131	1131	347923.96198099	0	0
1132	1132	348674.337168584	0	0
1133	1133	349424.712356178	0	0
1134	1134	350175.087543772	0	0
1135	1135	350925.462731366	0	0
1136	1136	351675.837918959	0	0
1137	1137	352426.213106553	0	0
1138	1138	353176.588294147	0	0
1139	1139	353926.963481741	0	0
1140	1140	354677.338669335	0	0
1141	1141	355427.713856929	0	0
1142	1142	356178.089044522	0	0
1143	1143	356928.464232116	0	0
1144	1144	357678.83941971	0	0
1145	1145	358429.214607304	0	0
1146	1146	359179.589794897	0	0
1147	1147	359929.964982491	0	0
1148	1148	360680.340170085	0	0
1149	1149	361430.715357679	0	0
1150	1150	362181.090545273	0	0
1151	1151	362931.465732866	0	0
1152	1152	363681.84092046	0	0
1153	1153	364432.216108054	0	0
1154	1154	365182.591295648	0	0
1155	1155	365932.966483242	0	0
1156	1156	366683.341670835	0	0
1157	1157	367433.716858429	0	0
1158	1158	368184.092046023	0	0
1159	1159	368934.467233617	0	0
1160	1160	369684.842421211	0	0
1161	1161	370435.217608804	0	0
1162	1162	371185.592796398	0	0
1163	1163	371935.967983992	0	0
1164	1164	372686.343171586	0	0
1165	1165	373436.71835918	0	0
1166	1166	374187.093546773	0	0
1167	1167	374937.468734367	0	0
1168	1168	375687.843921961	0	0
1169	1169	376438.219109555	0	0
1170	1170	377188.594297149	0	0
1171	1171	377938.969484742	0	0
1172	1172	378689.344672336	0	0
1173	1173	379439.71985993	0	0
1174	1174	380190.095047524	0	0
1175	1175	380940.470235118	0	0
1176	1176	381690.845422711	0	0
1177	1177	382441.220610305	0	0
1178	1178	383191.595797899	0	0
1179	1179	383941.970985493	0	0
1180	1180	384692.346173087	0	0
1181	1181	385442.72136068	0	0
1182	1182	386193.096548274	0	0
1183	1183	386943.471735868	0	0
1184	1184	387693.846923462	0	0
1185	1185	388444.222111056	0	0
1186	1186	389194.597298649	0	0
1187	1187	389944.972486243	0	0
1188	1188	390695.347673837	0	0
1189	1189	391445.722861431	0	0
1190	1190	392196.098049024	0	0
1191	1191	392946.473236618	0	0
1192	1192	393696.848424212	0	0
1193	1193	394447.223611806	0	0
1194	1194	395197.5987994	0	0
1195	1195	395947.973986994	0	0
1196	1196	396698.349174587	0	0
1197	1197	397448.724362181	0	0
1198	1198	398199.099549775	0	0
1199	1199	398949.474737369	0	0
1200	1200	399699.849924963	0	0
1201	1201	400450.225112556	0	0
1202	1202	401200.60030015	0	0
1203	1203	401950.975487744	0	0
1204	1204	402701.350675338	0	0
1205	1205	403451.725862931	0	0
1206	1206	404202.101050525	0	0
1207	1207	404952.476238119	0	0
1208	1208	405702.851425713	0	0
1209	1209	406453.226613307	0	0
1210	1210	407203.6018009	0	0
1211	1211	407953.976988494	0	0
1212	1212	408704.352176088	0	0
1213	1213	409454.727363682	0	0
1214	1214	410205.102551276	0	0
1215	1215	410955.477738869	0	0
1216	1216	411705.852926463	0	0
1217	1217	412456.228114057	0	0
1218	1218	413206.603301651	0	0
1219	1219	413956.978489245	0	0
1220	1220	414707.353676838	0	0
1221	1221	415457.728864432	0	0
1222	1222	416208.104052026	0	0
1223	1223	416958.47923962	0	0
1224	1224	417708.854427214	0	0
1225	1225	418459.229614807	0	0
1226	1226	419209.604802401	0	0
1227	1227	419959.979989995	0	0
1228	1228	420710.355177589	0	0
1229	1229	421460.730365183	0	0
1230	1230	422211.105552776	0	0
1231	1231	422961.48074037	0	0
1232	1232	423711.855927964	0	0
1233	1233	424462.231115558	0	0
1234	1234	425212.606303152	0	0
1235	1235	425962.981490745	0	0
1236	1236	426713.356678339	0	0
1237	1237	427463.731865933	0	0
1238	1238	428214.107053527	0	0
1239	1239	428964.482241121	0	0
1240	1240	429714.857428714	0	0
1241	1241	430465.232616308	0	0
1242	1242	431215.607803902	0	0
1243	1243	431965.982991496	0	0
1244	1244	432716.358179089	0	0
1245	1245	433466.733366683	0	0
1246	1246	434217.108554277	0	0
1247	1247	434967.483741871	0	0
1248	1248	435717.858929465	0	0
1249	1249	436468.234117059	0	0
1250	1250	437218.609304652	0	0
1251	1251	437968.984492246	0	0
1252	1252	438719.35967984	0	0
1253	1253	439469.734867434	0	0
1254	1254	440220.110055028	0	0
1255	1255	440970.485242621	0	0
1256	1256	441720.860430215	0	0
1257	1257	442471.235617809	0	0
1258	1258	443221.610805403	0	0
1259	1259	443971.985992996	0	0
1260	1260	444722.36118059	0	0
1261	1261	445472.736368184	0	0
1262	1262	446223.111555778	0	0
1263	1263	446973.486743372	0	0
1264	1264	447723.861930965	0	0
1265	1265	448474.237118559	0	0
1266	1266	449224.612306153	0	0
1267	1267	449974.987493747	0	0
1268	1268	450725.362681341	0	0
1269	1269	451475.737868935	0	0
1270	1270	452226.113056528	0	0
1271	1271	452976.488244122	0	0
1272	1272	453726.863431716	0	0
1273	1273	454477.23861931	0	0
1274	1274	455227.613806903	0	0
1275	1275	455977.988994497	0	0
1276	1276	456728.364182091	0	0
1277	1277	457478.739369685	0	0
1278	1278	458229.114557279	0	0
1279	1279	458979.489744872	0	0
1280	1280	459729.864932466	0	0
1281	1281	460480.24012006	0	0
1282	1282	461230.615307654	0	0
1283	1283	461980.990495248	0	0
1284	1284	462731.365682841	0	0
1285	1285	463481.740870435	0	0
1286	1286	464232.116058029	0	0
1287	1287	464982.491245623	0	0
1288	1288	465732.866433217	0	0
1289	1289	466483.24162081	0	0
1290	1290	467233.616808404	0	0
1291	1291	467983.991995998	0	0
1292	1292	468734.367183592	0	0
1293	1293	469484.742371186	0	0
1294	1294	470235.117558779	0	0
1295	1295	470985.492746373	0	0
1296	1296	471735.867933967	0	0
1297	1297	472486.243121561	0	0
1298	1298	473236.618309155	0	0
1299	1299	473986.993496748	0	0
1300	1300	474737.368684342	0	0
1301	1301	475487.743871936	0	0
1302	1302	476238.11905953	0	0
1303	1303	476988.494247124	0	0
1304	1304	477738.869434717	0	0
1305	1305	478489.244622311	0	0
1306	1306	479239.619809905	0	0
1307	1307	479989.994997499	0	0
1308	1308	480740.370185093	0	0
1309	1309	481490.745372686	0	0
1310	1310	482241.12056028	0	0
1311	1311	482991.495747874	0	0
1312	1312	483741.870935468	0	0
1313	1313	484492.246123062	0	0
1314	1314	485242.621310655	0	0
1315	1315	485992.996498249	0	0
1316	1316	486743.371685843	0	0
1317	1317	487493.746873437	0	0
1318	1318	488244.12206103	0	0
1319	1319	488994.497248624	0	0
1320	1320	489744.872436218	0	0
1321	1321	490495.247623812	0	0
1322	1322	491245.622811406	0	0
1323	1323	491995.997999	0	0
1324	1324	492746.373186593	0	0
1325	1325	493496.748374187	0	0
1326	1326	494247.123561781	0	0
1327	1327	494997.498749375	0	0
1328	1328	495747.873936969	0	0
1329	1329	496498.249124562	0	0
1330	1330	497248.624312156	0	0
1331	1331	497998.99949975	0	0
1332	1332	498749.374687344	0	0
1333	1333	499499.749874937	0	0
1334	1334	500250.125062531	0	0
1335	1335	501000.500250125	0	0
1336	1336	501750.875437719	0	0
1337	1337	502501.250625313	0	0
1338	1338	503251.625812906	0	0
1339	1339	504002.0010005	0	0
1340	1340	504752.376188094	0	0
1341	1341	505502.751375688	0	0
1342	1342	506253.126563282	0	0
1343	1343	507003.501750875	0	0
1344	1344	507753.876938469	0	0
1345	1345	508504.252126063	0	0
1346	1346	509254.627313657	0	0
1347	1347	510005.002501251	0	0
1348	1348	510755.377688844	0	0
1349	1349	511505.752876438	0	0
1350	1350	512256.128064032	0	0
1351	1351	513006.503251626	0	0
1352	1352	513756.87843922	0	0
1353	1353	514507.253626813	0	0
1354	1354	515257.628814407	0	0
1355	1355	516008.004002001	0	0
1356	1356	516758.379189595	0	0
1357	1357	517508.754377189	0	0
1358	1358	518259.129564782	0	0
1359	1359	519009.504752376	0	0
1360	1360	519759.87993997	0	0
1361	1361	520510.255127564	0	0
1362	1362	521260.630315158	0	0
1363	1363	522011.005502751	0	0
1364	1364	522761.380690345	0	0
1365	1365	523511.755877939	0	0
1366	1366	524262.131065533	0	0
1367	1367	525012.506253127	0	0
1368	1368	525762.88144072	0	0
1369	1369	526513.256628314	0	0
1370	1370	527263.631815908	0	0
1371	1371	528014.007003502	0	0
1372	1372	528764.382191096	0	0
1373	1373	529514.757378689	0	0
1374	1374	530265.132566283	0	0
1375	1375	531015.507753877	0	0
1376	1376	531765.882941471	0	0
1377	1377	532516.258129065	0	0
1378	1378	533266.633316658	0	0
1379	1379	534017.008504252	0	0
1380	1380	534767.383691846	0	0
1381	1381	535517.75887944	0	0
1382	1382	536268.134067034	0	0
1383	1383	537018.509254627	0	0
1384	1384	537768.884442221	0	0
1385	1385	538519.259629815	0	0
1386	1386	539269.634817409	0	0
1387	1387	540020.010005002	0	0
1388	1388	540770.385192596	0	0
1389	1389	541520.76038019	0	0
1390	1390	542271.135567784	0	0
1391	1391	543021.510755378	0	0
1392	1392	543771.885942971	0	0
1393	1393	544522.261130565	0	0
1394	1394	545272.636318159	0	0
1395	1395	546023.011505753	0	0
1396	1396	546773.386693347	0	0
1397	1397	547523.761880941	0	0
1398	1398	548274.137068534	0	0
1399	1399	549024.512256128	0	0
1400	1400	549774.887443722	0	0
1401	1401	550525.262631316	0	0
1402	1402	551275.637818909	0	0
1403	1403	552026.013006503	0	0
1404	1404	552776.388194097	0	0
1405	1405	553526.763381691	0	0
1406	1406	554277.138569285	0	0
1407	1407	555027.513756878	0	0
1408	1408	555777.888944472	0	0
1409	1409	556528.264132066	0	0
1410	1410	557278.63931966	0	0
1411	1411	558029.014507254	0	0
1412	1412	558779.389694847	0	0
1413	1413	559529.764882441	0	0
1414	1414	560280.140070035	0	0
1415	1415	561030.515257629	0	0
1416	1416	561780.890445223	0	0
1417	1417	562531.265632816	0	0
1418	1418	563281.64082041	0	0
1419	1419	564032.016008004	0	0
1420	1420	564782.391195598	0	0
1421	1421	565532.766383192	0	0
1422	1422	566283.141570785	0	0
1423	1423	567033.516758379	0	0
1424	1424	567783.891945973	0	0
1425	1425	568534.267133567	0	0
1426	1426	569284.642321161	0	0
1427	1427	570035.017508754	0	0
1428	1428	570785.392696348	0	0
1429	1429	571535.767883942	0	0
1430	1430	572286.143071536	0	0
1431	1431	573036.518259129	0	0
1432	1432	573786.893446723	0	0
1433	1433	574537.268634317	0	0
1434	1434	575287.643821911	0	0
1435	1435	576038.019009505	0	0
1436	1436	576788.394197098	0	0
1437	1437	577538.769384692	0	0
1438	1438	578289.144572286	0	0
1439	1439	579039.51975988	0	0
1440	1440	579789.894947474	0	0
1441	1441	580540.270135068	0	0
1442	1442	581290.645322661	0	0
1443	1443	582041.020510255	0	0
1444	1444	582791.395697849	0	0
1445	1445	583541.770885443	0	0
1446	1446	584292.146073037	0	0
1447	1447	585042.52126063	0	0
1448	1448	585792.896448224	0	0
1449	1449	586543.271635818	0	0
1450	1450	587293.646823412	0	0
1451	1451	588044.022011006	0	0
1452	1452	588794.397198599	0	0
1453	1453	589544.772386193	0	0
1454	1454	590295.147573787	0	0
1455	1455	591045.522761381	0	0
1456	1456	591795.897948975	0	0
1457	1457	592546.273136568	0	0
1458	1458	593296.648324162	0	0
1459	1459	594047.023511756	0	0
1460	1460	594797.39869935	0	0
1461	1461	595547.773886943	0	0
1462	1462	596298.149074537	0	0
1463	1463	597048.524262131	0	0
1464	1464	597798.899449725	0	0
1465	1465	598549.274637319	0	0
1466	1466	599299.649824912	0	0
1467	1467	600050.025012506	0	0
1468	1468	600800.4002001	0	0
1469	1469	601550.775387694	0	0
1470	1470	602301.150575288	0	0
1471	1471	603051.525762881	0	0
1472	1472	603801.900950475	0	0
1473	1473	604552.276138069	0	0
1474	1474	605302.651325663	0	0
1475	1475	606053.026513257	0	0
1476	1476	606803.40170085	0	0
1477	1477	607553.776888444	0	0
1478	1478	608304.152076038	0	0
1479	1479	609054.527263632	0	0
1480	1480	609804.902451226	0	0
1481	1481	610555.277638819	0	0
1482	1482	611305.652826413	0	0
1483	1483	612056.028014007	0	0
1484	1484	612806.403201601	0	0
1485	1485	613556.778389195	0	0
1486	1486	614307.153576788	0	0
1487	1487	615057.528764382	0	0
1488	1488	615807.903951976	0	0
1489	1489	616558.27913957	0	0
1490	1490	617308.654327163	0	0
1491	1491	618059.029514757	0	0
1492	1492	618809.404702351	0	0
1493	1493	619559.779889945	0	0
1494	1494	620310.155077539	0	0
1495	1495	621060.530265133	0	0
1496	1496	621810.905452726	0	0
1497	1497	622561.28064032	0	0
1498	1498	623311.655827914	0	0
1499	1499	624062.031015508	0	0
1500	1500	624812.406203102	0	0
1501	1501	625562.781390695	0	0
1502	1502	626313.156578289	0	0
1503	1503	627063.531765883	0	0
1504	1504	627813.906953477	0	0
1505	1505	628564.282141071	0	0
1506	1506	629314.657328664	0	0
1507	1507	630065.032516258	0	0
1508	1508	630815.407703852	0	0
1509	1509	631565.782891446	0	0
1510	1510	632316.15807904	0	0
1511	1511	633066.533266633	0	0
1512	1512	633816.908454227	0	0
1513	1513	634567.283641821	0	0
1514	1514	635317.658829415	0	0
1515	1515	636068.034017008	0	0
1516	1516	636818.409204602	0	0
1517	1517	637568.784392196	0	0
1518	1518	638319.15957979	0	0
1519	1519	639069.534767384	0	0
1520	1520	639819.909954977	0	0
1521	1521	640570.285142571	0	0
1522	1522	641320.660330165	0	0
1523	1523	642071.035517759	0	0
1524	1524	642821.410705353	0	0
1525	1525	643571.785892946	0	0
1526	1526	644322.16108054	0	0
1527	1527	645072.536268134	0	0
1528	1528	645822.911455728	0	0
1529	1529	646573.286643322	0	0
1530	1530	647323.661830915	0	0
1531	1531	648074.037018509	0	0
1532	1532	648824.412206103	0	0
1533	1533	649574.787393697	0	0
1534	1534	650325.162581291	0	0
1535	1535	651075.537768884	0	0
1536	1536	651825.912956478	0	0
1537	1537	652576.288144072	0	0
1538	1538	653326.663331666	0	0
1539	1539	654077.03851926	0	0
1540	1540	654827.413706854	0	0
1541	1541	655577.788894447	0	0
1542	1542	656328.164082041	0	0
1543	1543	657078.539269635	0	0
1544	1544	657828.914457229	0	0
1545	1545	658579.289644822	0	0
1546	1546	659329.664832416	0	0
1547	1547	660080.04002001	0	0
1548	1548	660830.415207604	0	0
1549	1549	661580.790395198	0	0
1550	1550	662331.165582791	0	0
1551	1551	663081.540770385	0	0
1552	1552	663831.915957979	0	0
1553	1553	664582.291145573	0	0
1554	1554	665332.666333167	0	0
1555	1555	666083.04152076	0	0
1556	1556	666833.416708354	0	0
1557	1557	667583.791895948	0	0
1558	1558	668334.167083542	0	0
1559	1559	669084.542271136	0	0
1560	1560	669834.917458729	0	0
1561	1561	670585.292646323	0	0
1562	1562	671335.667833917	0	0
1563	1563	672086.043021511	0	0
1564	1564	672836.418209105	0	0
1565	1565	673586.793396698	0	0
1566	1566	674337.168584292	0	0
1567	1567	675087.543771886	0	0
1568	1568	675837.91895948	0	0
1569	1569	676588.294147074	0	0
1570	1570	677338.669334667	0	0
1571	1571	678089.044522261	0	0
1572	1572	678839.419709855	0	0
1573	1573	679589.794897449	0	0
1574	1574	680340.170085042	0	0
1575	1575	681090.545272636	0	0
1576	1576	681840.92046023	0	0
1577	1577	682591.295647824	0	0
1578	1578	683341.670835418	0	0
1579	1579	684092.046023011	0	0
1580	1580	684842.421210605	0	0
1581	1581	685592.796398199	0	0
1582	1582	686343.171585793	0	0
1583	1583	687093.546773387	0	0
1584	1584	687843.92196098	0	0
1585	1585	688594.297148574	0	0
1586	1586	689344.672336168	0	0
1587	1587	690095.047523762	0	0
1588	1588	690845.422711356	0	0
1589	1589	691595.79789895	0	0
1590	1590	692346.173086543	0	0
1591	1591	693096.548274137	0	0
1592	1592	693846.923461731	0	0
1593	1593	694597.298649325	0	0
1594	1594	695347.673836919	0	0
1595	1595	696098.049024512	0	0
1596	1596	696848.424212106	0	0
1597	1597	697598.7993997	0	0
1598	1598	698349.174587294	0	0
1599	1599	699099.549774888	0	0
1600	1600	699849.924962481	0	0
1601	1601	700600.300150075	0	0
1602	1602	701350.675337669	0	0
1603	1603	702101.050525263	0	0
1604	1604	702851.425712856	0	0
1605	1605	703601.80090045	0	0
1606	1606	704352.176088044	0	0
1607	1607	705102.551275638	0	0
1608	1608	705852.926463232	0	0
1609	1609	706603.301650825	0	0
1610	1610	707353.676838419	0	0
1611	1611	708104.052026013	0	0
1612	1612	708854.427213607	0	0
1613	1613	709604.802401201	0	0
1614	1614	710355.177588794	0	0
1615	1615	711105.552776388	0	0
1616	1616	711855.927963982	0	0
1617	1617	712606.303151576	0	0
1618	1618	713356.67833917	0	0
1619	1619	714107.053526763	0	0
1620	1620	714857.428714357	0	0
1621	1621	715607.803901951	0	0
1622	1622	716358.179089545	0	0
1623	1623	717108.554277139	0	0
1624	1624	717858.929464732	0	0
1625	1625	718609.304652326	0	0
1626	1626	719359.67983992	0	0
1627	1627	720110.055027514	0	0
1628	1628	720860.430215108	0	0
1629	1629	721610.805402701	0	0
1630	1630	722361.180590295	0	0
1631	1631	723111.555777889	0	0
1632	1632	723861.930965483	0	0
1633	1633	724612.306153076	0	0
1634	1634	725362.68134067	0	0
1635	1635	726113.056528264	0	0
1636	1636	726863.431715858	0	0
1637	1637	727613.806903452	0	0
1638	1638	728364.182091045	0	0
1639	1639	729114.557278639	0	0
1640	1640	729864.932466233	0	0
1641	1641	730615.307653827	0	0
1642	1642	731365.682841421	0	0
1643	1643	732116.058029015	0	0
1644	1644	732866.433216608	0	0
1645	1645	733616.808404202	0	0
1646	1646	734367.183591796	0	0
1647	1647	735117.55877939	0	0
1648	1648	735867.933966984	0	0
1649	1649	736618.309154577	0	0
1650	1650	737368.684342171	0	0
1651	1651	738119.059529765	0	0
1652	1652	738869.434717359	0	0
1653	1653	739619.809904953	0	0
1654	1654	740370.185092546	0	0
1655	1655	741120.56028014	0	0
1656	1656	741870.935467734	0	0
1657	1657	742621.310655328	0	0
1658	1658	743371.685842921	0	0
1659	1659	744122.061030515	0	0
1660	1660	744872.436218109	0	0
1661	1661	745622.811405703	0	0
1662	1662	746373.186593297	0	0
1663	1663	747123.56178089	0	0
1664	1664	747873.936968484	0	0
1665	1665	748624.312156078	0	0
1666	1666	749374.687343672	0	0
1667	1667	750125.062531266	0	0
1668	1668	750875.437718859	0	0
1669	1669	751625.812906453	0	0
1670	1670	752376.188094047	0	0
1671	1671	753126.563281641	0	0
1672	1672	753876.938469235	0	0
1673	1673	754627.313656828	0	0
1674	1674	755377.688844422	0	0
1675	1675	756128.064032016	0	0
1676	1676	756878.43921961	0	0
1677	1677	757628.814407204	0	0
1678	1678	758379.189594797	0	0
1679	1679	759129.564782391	0	0
1680	1680	759879.939969985	0	0
1681	1681	760630.315157579	0	0
1682	1682	761380.690345173	0	0
1683	1683	762131.065532766	0	0
1684	1684	762881.44072036	0	0
1685	1685	763631.815907954	0	0
1686	1686	764382.191095548	0	0
1687	1687	765132.566283141	0	0
1688	1688	765882.941470735	0	0
1689	1689	766633.316658329	0	0
1690	1690	767383.691845923	0	0
1691	1691	768134.067033517	0	0
1692	1692	768884.44222111	0	0
1693	1693	769634.817408704	0	0
1694	1694	770385.192596298	0	0
1695	1695	771135.567783892	0	0
1696	1696	771885.942971486	0	0
1697	1697	772636.31815908	0	0
1698	1698	773386.693346673	0	0
1699	1699	774137.068534267	0	0
1700	1700	774887.443721861	0	0
1701	1701	775637.818909455	0	0
1702	1702	776388.194097049	0	0
1703	1703	777138.569284642	0	0
1704	1704	777888.944472236	0	0
1705	1705	778639.31965983	0	0
1706	1706	779389.694847424	0	0
1707	1707	780140.070035018	0	0
1708	1708	780890.445222611	0	0
1709	1709	781640.820410205	0	0
1710	1710	782391.195597799	0	0
1711	1711	783141.570785393	0	0
1712	1712	783891.945972987	0	0
1713	1713	784642.32116058	0	0
1714	1714	785392.696348174	0	0
1715	1715	786143.071535768	0	0
1716	1716	786893.446723362	0	0
1717	1717	787643.821910955	0	0
1718	1718	788394.197098549	0	0
1719	1719	789144.572286143	0	0
1720	1720	789894.947473737	0	0
1721	1721	790645.322661331	0	0
1722	1722	791395.697848924	0	0
1723	1723	792146.073036518	0	0
1724	1724	792896.448224112	0	0
1725	1725	793646.823411706	0	0
1726	1726	794397.1985993	0	0
1727	1727	795147.573786893	0	0
1728	1728	795897.948974487	0	0
1729	1729	796648.324162081	0	0
1730	1730	797398.699349675	0	0
1731	1731	798149.074537269	0	0
1732	1732	798899.449724862	0	0
1733	1733	799649.824912456	0	0
1734	1734	800400.20010005	0	0
1735	1735	801150.575287644	0	0
1736	1736	801900.950475238	0	0
1737	1737	802651.325662831	0	0
1738	1738	803401.700850425	0	0
1739	1739	804152.076038019	0	0
1740	1740	804902.451225613	0	0
1741	1741	805652.826413207	0	0
1742	1742	806403.201600801	0	0
1743	1743	807153.576788394	0	0
1744	1744	807903.951975988	0	0
1745	1745	808654.327163582	0	0
1746	1746	809404.702351175	0	0
1747	1747	810155.077538769	0	0
1748	1748	810905.452726363	0	0
1749	1749	811655.827913957	0	0
1750	1750	812406.203101551	0	0
1751	1751	813156.578289145	0	0
1752	1752	813906.953476738	0	0
1753	1753	814657.328664332	0	0
1754	1754	815407.703851926	0	0
1755	1755	816158.07903952	0	0
1756	1756	816908.454227114	0	0
1757	1757	817658.829414707	0	0
1758	1758	818409.204602301	0	0
1759	1759	819159.579789895	0	0
1760	1760	819909.954977489	0	0
1761	1761	820660.330165083	0	0
1762	1762	821410.705352676	0	0
1763	1763	822161.08054027	0	0
1764	1764	822911.455727864	0	0
1765	1765	823661.830915458	0	0
1766	1766	824412.206103052	0	0
1767	1767	825162.581290645	0	0
1768	1768	825912.956478239	0	0
1769	1769	826663.331665833	0	0
1770	1770	827413.706853427	0	0
1771	1771	828164.082041021	0	0
1772	1772	828914.457228614	0	0
1773	1773	829664.832416208	0	0
1774	1774	830415.207603802	0	0
1775	1775	831165.582791396	0	0
1776	1776	831915.957978989	0	0
1777	1777	832666.333166583	0	0
1778	1778	833416.708354177	0	0
1779	1779	834167.083541771	0	0
1780	1780	834917.458729365	0	0
1781	1781	835667.833916958	0	0
1782	1782	836418.209104552	0	0
1783	1783	837168.584292146	0	0
1784	1784	837918.95947974	0	0
1785	1785	838669.334667334	0	0
1786	1786	839419.709854927	0	0
1787	1787	840170.085042521	0	0
1788	1788	840920.460230115	0	0
1789	1789	841670.835417709	0	0
1790	1790	842421.210605303	0	0
1791	1791	843171.585792896	0	0
1792	1792	843921.96098049	0	0
1793	1793	844672.336168084	0	0
1794	1794	845422.711355678	0	0
1795	1795	846173.086543272	0	0
1796	1796	846923.461730866	0	0
1797	1797	847673.836918459	0	0
1798	1798	848424.212106053	0	0
1799	1799	849174.587293647	0	0
1800	1800	849924.962481241	0	0
1801	1801	850675.337668834	0	0
1802	1802	851425.712856428	0	0
1803	1803	852176.088044022	0	0
1804	1804	852926.463231616	0	0
1805	1805	853676.83841921	0	0
1806	1806	854427.213606803	0	0
1807	1807	855177.588794397	0	0
1808	1808	855927.963981991	0	0
1809	1809	856678.339169585	0	0
1810	1810	857428.714357179	0	0
1811	1811	858179.089544772	0	0
1812	1812	858929.464732366	0	0
1813	1813	859679.83991996	0	0
1814	1814	860430.215107554	0	0
1815	1815	861180.590295148	0	0
1816	1816	861930.965482741	0	0
1817	1817	862681.340670335	0	0
1818	1818	863431.715857929	0	0
1819	1819	864182.091045523	0	0
1820	1820	864932.466233117	0	0
1821	1821	865682.84142071	0	0
1822	1822	866433.216608304	0	0
1823	1823	867183.591795898	0	0
1824	1824	867933.966983492	0	0
1825	1825	868684.342171086	0	0
1826	1826	869434.717358679	0	0
1827	1827	870185.092546273	0	0
1828	1828	870935.467733867	0	0
1829	1829	871685.842921461	0	0
1830	1830	872436.218109054	0	0
1831	1831	873186.593296648	0	0
1832	1832	873936.968484242	0	0
1833	1833	874687.343671836	0	0
1834	1834	875437.71885943	0	0
1835	1835	876188.094047023	0	0
1836	1836	876938.469234617	0	0
1837	1837	877688.844422211	0	0
1838	1838	878439.219609805	0	0
1839	1839	879189.594797399	0	0
1840	1840	879939.969984992	0	0
1841	1841	880690.345172586	0	0
1842	1842	881440.72036018	0	0
1843	1843	882191.095547774	0	0
1844	1844	882941.470735368	0	0
1845	1845	883691.845922961	0	0
1846	1846	884442.221110555	0	0
1847	1847	885192.596298149	0	0
1848	1848	885942.971485743	0	0
1849	1849	886693.346673337	0	0
1850	1850	887443.721860931	0	0
1851	1851	888194.097048524	0	0
1852	1852	888944.472236118	0	0
1853	1853	889694.847423712	0	0
1854	1854	890445.222611306	0	0
1855	1855	891195.5977989	0	0
1856	1856	891945.972986493	0	0
1857	1857	892696.348174087	0	0
1858	1858	893446.723361681	0	0
1859	1859	894197.098549275	0	0
1860	1860	894947.473736868	0	0
1861	1861	895697.848924462	0	0
1862	1862	896448.224112056	0	0
1863	1863	897198.59929965	0	0
1864	1864	897948.974487244	0	0
1865	1865	898699.349674837	0	0
1866	1866	899449.724862431	0	0
1867	1867	900200.100050025	0	0
1868	1868	900950.475237619	0	0
1869	1869	901700.850425213	0	0
1870	1870	902451.225612806	0	0
1871	1871	903201.6008004	0	0
1872	1872	903951.975987994	0	0
1873	1873	904702.351175588	0	0
1874	1874	905452.726363182	0	0
1875	1875	906203.101550775	0	0
1876	1876	906953.476738369	0	0
1877	1877	907703.851925963	0	0
1878	1878	908454.227113557	0	0
1879	1879	909204.602301151	0	0
1880	1880	909954.977488744	0	0
1881	1881	910705.352676338	0	0
1882	1882	911455.727863932	0	0
1883	1883	912206.103051526	0	0
1884	1884	912956.47823912	0	0
1885	1885	913706.853426713	0	0
1886	1886	914457.228614307	0	0
1887	1887	915207.603801901	0	0
1888	1888	915957.978989495	0	0
1889	1889	916708.354177088	0	0
1890	1890	917458.729364682	0	0
1891	1891	918209.104552276	0	0
1892	1892	918959.47973987	0	0
1893	1893	919709.854927464	0	0
1894	1894	920460.230115057	0	0
1895	1895	921210.605302651	0	0
1896	1896	921960.980490245	0	0
1897	1897	922711.355677839	0	0
1898	1898	923461.730865433	0	0
1899	1899	924212.106053027	0	0
1900	1900	924962.48124062	0	0
1901	1901	925712.856428214	0	0
1902	1902	926463.231615808	0	0
1903	1903	927213.606803402	0	0
1904	1904	927963.981990996	0	0
1905	1905	928714.357178589	0	0
1906	1906	929464.732366183	0	0
1907	1907	930215.107553777	0	0
1908	1908	930965.482741371	0	0
1909	1909	931715.857928965	0	0
1910	1910	932466.233116558	0	0
1911	1911	933216.608304152	0	0
1912	1912	933966.983491746	0	0
1913	1913	934717.35867934	0	0
1914	1914	935467.733866934	0	0
1915	1915	936218.109054527	0	0
1916	1916	936968.484242121	0	0
1917	1917	937718.859429715	0	0
1918	1918	938469.234617309	0	0
1919	1919	939219.609804902	0	0
1920	1920	939969.984992496	0	0
1921	1921	940720.36018009	0	0
1922	1922	941470.735367684	0	0
1923	1923	942221.110555278	0	0
1924	1924	942971.485742871	0	0
1925	1925	943721.860930465	0	0
1926	1926	944472.236118059	0	0
1927	1927	945222.611305653	0	0
1928	1928	945972.986493247	0	0
1929	1929	946723.36168084	0	0
1930	1930	947473.736868434	0	0
1931	1931	948224.112056028	0	0
1932	1932	948974.487243622	0	0
1933	1933	949724.862431216	0	0
1934	1934	950475.237618809	0	0
1935	1935	951225.612806403	0	0
1936	1936	951975.987993997	0	0
1937	1937	952726.363181591	0	0
1938	1938	953476.738369185	0	0
1939	1939	954227.113556778	0	0
1940	1940	954977.488744372	0	0
1941	1941	955727.863931966	0	0
1942	1942	956478.23911956	0	0
1943	1943	957228.614307154	0	0
1944	1944	957978.989494747	0	0
1945	1945	958729.364682341	0	0
1946	1946	959479.739869935	0	0
1947	1947	960230.115057529	0	0
1948	1948	960980.490245122	0	0
1949	1949	961730.865432716	0	0
1950	1950	962481.24062031	0	0
1951	1951	963231.615807904	0	0
1952	1952	963981.990995498	0	0
1953	1953	964732.366183092	0	0
1954	1954	965482.741370685	0	0
1955	1955	966233.116558279	0	0
1956	1956	966983.491745873	0	0
1957	1957	967733.866933467	0	0
1958	1958	968484.242121061	0	0
1959	1959	969234.617308654	0	0
1960	1960	969984.992496248	0	0
1961	1961	970735.367683842	0	0
1962	1962	971485.742871436	0	0
1963	1963	972236.11805903	0	0
1964	1964	972986.493246623	0	0
1965	1965	973736.868434217	0	0
1966	1966	974487.243621811	0	0
1967	1967	975237.618809405	0	0
1968	1968	975987.993996999	0	0
1969	1969	976738.369184592	0	0
1970	1970	977488.744372186	0	0
1971	1971	978239.11955978	0	0
1972	1972	978989.494747374	0	0
1973	1973	979739.869934967	0	0
1974	1974	980490.245122561	0	0
1975	1975	981240.620310155	0	0
1976	1976	981990.995497749	0	0
1977	1977	982741.370685343	0	0
1978	1978	983491.745872936	0	0
1979	1979	984242.12106053	0	0
1980	1980	984992.496248124	0	0
1981	1981	985742.871435718	0	0
1982	1982	986493.246623312	0	0
1983	1983	987243.621810905	0	0
1984	1984	987993.996998499	0	0
1985	1985	988744.372186093	0	0
1986	1986	989494.747373687	0	0
1987	1987	990245.122561281	0	0
1988	1988	990995.497748874	0	0
1989	1989	991745.872936468	0	0
1990	1990	992496.248124062	0	0
1991	1991	993246.623311656	0	0
1992	1992	993996.99849925	0	0
1993	1993	994747.373686843	0	0
1994	1994	995497.748874437	0	0
1995	1995	996248.124062031	0	0
1996	1996	996998.499249625	0	0
1997	1997	997748.874437219	0	0
1998	1998	998499.249624813	0	0
1999	1999	999249.624812406	0	0
2000	2000	1000000	0	0
